tile cave_wall 0
tile stone 1
tile cave_wall_front0 2
tile cave_wall_front1 3
tile cave_wall_front2 4
tile cave_wall_front3 5
size 2 20 30

1 1 1 1 1 1 1 1 1 1 1 1 1 1 1 1 1 1 1 1
1 1 1 1 1 1 1 1 1 1 1 1 1 1 1 1 1 1 1 1
1 1 1 1 1 1 1 1 1 1 1 1 1 1 1 1 1 1 1 1
1 1 1 1 1 1 1 1 1 1 1 1 1 1 1 1 1 1 1 1
1 1 1 1 1 1 1 1 1 1 1 1 1 1 1 1 1 1 1 1
1 1 1 1 1 1 1 1 1 1 1 1 1 1 1 1 1 1 1 1
1 1 1 1 1 1 1 1 1 1 1 1 1 1 1 1 1 1 1 1
1 1 1 1 1 1 1 1 1 1 1 1 1 1 1 1 1 1 1 1
1 1 1 1 1 1 1 1 1 1 1 1 1 1 1 1 1 1 1 1
1 1 1 1 1 1 1 1 1 1 1 1 1 1 1 1 1 1 1 1
1 1 1 1 1 1 1 1 1 1 1 1 1 1 1 1 1 1 1 1
1 1 1 1 1 1 1 1 1 1 1 1 1 1 1 1 1 1 1 1
1 1 1 1 1 1 1 1 1 1 1 1 1 1 1 1 1 1 1 1
1 1 1 1 1 1 1 1 1 1 1 1 1 1 1 1 1 1 1 1
1 1 1 1 1 1 1 1 1 1 1 1 1 1 1 1 1 1 1 1
1 1 1 1 1 1 1 1 1 1 1 1 1 1 1 1 1 1 1 1
1 1 1 1 1 1 1 1 1 1 1 1 1 1 1 1 1 1 1 1
1 1 1 1 1 1 1 1 1 1 1 1 1 1 1 1 1 1 1 1
1 1 1 1 1 1 1 1 1 1 1 1 1 1 1 1 1 1 1 1
1 1 1 1 1 1 1 1 1 1 1 1 1 1 1 1 1 1 1 1
1 1 1 1 1 1 1 1 1 1 1 1 1 1 1 1 1 1 1 1
1 1 1 1 1 1 1 1 1 1 1 1 1 1 1 1 1 1 1 1
1 1 1 1 1 1 1 1 1 1 1 1 1 1 1 1 1 1 1 1
1 1 1 1 1 1 1 1 1 1 1 1 1 1 1 1 1 1 1 1
1 1 1 1 1 1 1 1 1 1 1 1 1 1 1 1 1 1 1 1
1 1 1 1 1 1 1 1 1 1 1 1 1 1 1 1 1 1 1 1
1 1 1 1 1 1 1 1 1 1 1 1 1 1 1 1 1 1 1 1
1 1 1 1 1 1 1 1 1 1 1 1 1 1 1 1 1 1 1 1
1 1 1 1 1 1 1 1 1 1 1 1 1 1 1 1 1 1 1 1
1 1 1 1 1 1 1 1 1 1 1 1 1 1 1 1 1 1 1 1

 0  0  0  0  0  0  0  0  0  0  0 -1 -1  0  0  0  0  0  0  0
 0  0  0  0  0  0  0  0  0  0  0 -1 -1  0  0  0  0  0  0  0
 0  0  0  0  0  0  0  0  0  0  0 -1 -1  0  0  0  0  0  0  0
 0  0  0  0  0  0  0  0  0  0  0 -1 -1  2  3  3  3  3  3  0
 0  0  0  0  0  0  0  0  0  0  0 -1 -1 -1 -1 -1 -1 -1 -1  0
 0  0  0  0  0  0  0  0  0  0  0 -1 -1 -1 -1 -1 -1 -1 -1  0
 0  0  0  0  0  0  0  0  0  0  0  0  0  0  0  0 -1 -1 -1  0
 0  0  0  0  0  0  0  0  0  0  0  0  0  0  0  0  0  0 -1  0
 0  0  2  3  3  3  3  3  3  3  3  4  0  0  0  0  0  0 -1  0
 0  0 -1 -1 -1 -1 -1 -1 -1 -1 -1 -1  2  3  3  0  0  0 -1  0
 0  0 -1 -1 -1 -1 -1 -1 -1 -1 -1 -1 -1 -1 -1  0  0  0 -1  0
 0  0 -1 -1  0  0  0  0 -1 -1 -1 -1 -1 -1 -1  0  0  0 -1  0
 0  0 -1 -1  0  0  0  0 -1 -1  0  0  0  0  0  0  0  0 -1  0
 0  0 -1 -1  0  0  0  0 -1  0  0  0  0  0  0  0  0  0 -1  0
 0  0 -1 -1  0  0  0  0 -1  0  0  0  0  0  0  0  0  0 -1  0
 0  0 -1 -1  0  0  0  0 -1  2  3  3  3  3  0  0  0  0 -1  0
 0  0 -1 -1  0  0  0  0 -1 -1 -1 -1 -1 -1  0  0  0  0 -1  0
 0  0 -1 -1  0  0  0  0 -1  0  0  0  0 -1  2  0  0  0 -1  0
 0  0 -1 -1  0  0  0  0 -1  0  0  0  0 -1 -1  2  3  4 -1  0
 0  0 -1 -1  0  0  0  0 -1  0  0  0  0 -1 -1 -1 -1 -1 -1  0
 0  0 -1 -1  0  0  0  0 -1  0  0  0  0 -1 -1 -1 -1 -1 -1  0
 0  0 -1 -1  2  3  0  0 -1  0  0  0  0 -1 -1  0  0  0  0  0
 0  0 -1 -1 -1 -1  0  0 -1  2  0  0  0 -1 -1  0  0  0  0  0
 0  0 -1 -1 -1 -1  0  0 -1 -1  0  0  0 -1 -1  0  0  0  0  0
 0  0  0  0  0  0  0  0  0 -1  0  0  0  0  0  0  0  0  0  0
 0  0  0  0  0  0  0  0  0 -1  0  0  0  0  0  0  0  0  0  0
 0  0  0  0  0  0  0  0  0 -1  0  0  0  0  0  0  0  0  0  0
 0  0  0  0  0  0  0  0  0 -1  0  0  0  0  0  0  0  0  0  0
 0  0  0  0  0  0  0  0  0  0  0  0  0  0  0  0  0  0  0  0
 0  0  0  0  0  0  0  0  0  0  0  0  0  0  0  0  0  0  0  0

slime 8 16
slime 13 19
slime 11 4
thorn 8 20
thorn 8 21
thorn 15 19
thorn 15 20
thorn 16 19
thorn 16 20
thorn 18 16
thorn 18 15
thorn 18 13
thorn 18 12
thorn 18 11
player 9 27