tile grass 0
tile sand 1
tile wood 2
tile wood_front1 3
tile wood_front2 4
tile wood_front3 5
tile wood_middle1 6
tile wood_middle2 7
tile wood_middle3 8
size 2 20 15

 0  0  0  0  0  0  0  0  0  0  0  0  0  0  0  0  0  0  0  0
 0  0  7  7  7  7  7  7  7  7  7  7  7  7  7  7  7  7  0  0
 0  4  0  0  0  0  0  0  0  0  0  0  0  0  0  0  0  0  4  0
 0  0  0  0  0  0  0  0  0  0  0  0  0  0  0  0  0  0  0  0
 0  0  0  0  0  1  1  1  1  1  1  1  1  1  1  0  0  0  0  0
 0  0  0  0  1  0  1  1  1  1  1  1  1  1  0  1  0  0  0  0
 0  0  0  0  1  1  1  1  1  1  1  1  1  1  1  1  0  0  0  0
 0  0  0  0  1  1  1  1  1  1  1  1  1  1  1  1  0  0  0  0
 0  0  0  0  1  1  1  1  1  1  1  1  1  1  1  1  0  0  0  0
 0  0  0  0  1  0  1  1  1  1  1  1  1  1  0  1  0  0  0  0
 0  0  0  0  0  1  1  1  1  1  1  1  1  1  1  0  0  0  0  0
 0  0  0  0  0  0  0  0  0  0  0  0  0  0  0  0  0  0  0  0
 0  0  0  0  0  0  0  0  0  0  0  0  0  0  0  0  0  0  0  0
 0  0  0  0  0  0  0  0  0  0  0  0  0  0  0  0  0  0  0  0
 0  0  0  0  0  0  0  0  0  0  0  0  0  0  0  0  0  0  0  0

 2  2  2  2  2  2  2  2  2  2  2  2  2  2  2  2  2  2  2  2
 2  2  2  2  2  2  2  2  2  2  2  2  2  2  2  2  2  2  2  2
 2  2  4  4  4  4  4  4  4  4  4  4  4  4  4  4  4  4  2  2
 2  2 -1 -1 -1 -1 -1 -1 -1 -1 -1 -1 -1 -1 -1 -1 -1 -1  2  2
 2  2 -1 -1 -1 -1 -1 -1 -1 -1 -1 -1 -1 -1 -1 -1 -1 -1  2  2
 2  2 -1 -1 -1 -1 -1 -1 -1 -1 -1 -1 -1 -1 -1 -1 -1 -1  2  2
 2  2 -1 -1 -1 -1 -1 -1 -1 -1 -1 -1 -1 -1 -1 -1 -1 -1  2  2
 2  2 -1 -1 -1 -1 -1 -1 -1 -1 -1 -1 -1 -1 -1 -1 -1 -1  2  2
 2  2 -1 -1 -1 -1 -1 -1 -1 -1 -1 -1 -1 -1 -1 -1 -1 -1  2  2
 2  2 -1 -1 -1 -1 -1 -1 -1 -1 -1 -1 -1 -1 -1 -1 -1 -1  2  2
 2  2 -1 -1 -1 -1 -1 -1 -1 -1 -1 -1 -1 -1 -1 -1 -1 -1  2  2
 2  2 -1 -1 -1 -1 -1 -1 -1 -1 -1 -1 -1 -1 -1 -1 -1 -1  2  2
 2  2 -1 -1 -1 -1 -1 -1 -1 -1 -1 -1 -1 -1 -1 -1 -1 -1  2  2
 2  2  2  2  2  2  2  2  2  2  2  2  2  2  2  2  2  2  2  2
 2  2  2  2  2  2  2  2  2  2  2  2  2  2  2  2  2  2  2  2

tiger 10 5
box 4 3
box 8 3
box 12 3
box 16 3
box 4 8
box 8 8
box 12 8
box 16 8
player 10 12